  0 01110001110
  1 01110001111
  2 01110010000
  3 01110010001
  4 01110010010
  5 01110010011
  6 01110010100
  7 01110010101
  8 01110010110
  9 01110010111
 10 01110011000
 11 01110011001
 12 01110011010
 13 01110011011
 14 01110011100
 15 01110011101
 16 01110011110
 17 01110011111
 18 01110100000
 19 01110100001
 20 01110100010
 21 01110100011
 22 01110100100
 23 01110100101
 24 01110100110
 25 01110100111
 26 01110101000
 27 01110101001
 28 01110101010
 29 01110101011
 30 01110101100
 31 01110101101
 32 0110
 33 01110101110
 34 01110101111
 35 01110110000
 36 01110110001
 37 01110110010
 38 01110110011
 39 01110110100
 40 01110110101
 41 01110110110
 42 01110110111
 43 01110111000
 44 01110111001
 45 01110111010
 46 01110111011
 47 01110111100
 48 01110111101
 49 01110111110
 50 01110111111
 51 01111000000
 52 01111000001
 53 01111000010
 54 01111000011
 55 01111000100
 56 01111000101
 57 01111000110
 58 01111000111
 59 01111001000
 60 01111001001
 61 01111001010
 62 01111001011
 63 01111001100
 64 01111001101
 65 01111001110
 66 01111001111
 67 01111010000
 68 010
 69 01111010001
 70 01111010010
 71 01111010011
 72 01111010100
 73 01111010101
 74 01111010110
 75 01111010111
 76 01111011000
 77 01111011001
 78 01111011010
 79 01111011011
 80 01111011100
 81 01111011101
 82 01111011110
 83 01111011111
 84 01111100000
 85 01111100001
 86 01111100010
 87 01111100011
 88 01111100100
 89 01111100101
 90 01111100110
 91 01111100111
 92 01111101000
 93 01111101001
 94 01111101010
 95 01111101011
 96 01111101100
 97 100
 98 01111101101
 99 01111101110
100 01111101111
101 01111110000
102 01111110001
103 101
104 01111110010
105 01111110011
106 01111110100
107 01111110101
108 01111110110
109 01111110111
110 110
111 111
112 01111111000
113 01111111001
114 00
115 01111111010
116 01111111011
117 01111111100
118 01111111101
119 01111111110
120 01111111111
121 0111000000
122 0111000001
123 0111000010
124 0111000011
125 0111000100
126 0111000101
127 0111000110
