  0 010111110110100
  1 010111110110101
  2 010111110110110
  3 010111110110111
  4 010111110111000
  5 010111110111001
  6 010111110111010
  7 010111110111011
  8 010111110111100
  9 010111110111101
 10 0101110
 11 010111110111110
 12 010111110111111
 13 1110110
 14 010111111000000
 15 010111111000001
 16 010111111000010
 17 010111111000011
 18 010111111000100
 19 010111111000101
 20 010111111000110
 21 010111111000111
 22 010111111001000
 23 010111111001001
 24 010111111001010
 25 010111111001011
 26 010111111001100
 27 010111111001101
 28 010111111001110
 29 010111111001111
 30 010111111010000
 31 010111111010001
 32 110
 33 010111111010010
 34 010111111010011
 35 010111111010100
 36 010111111010101
 37 010111111010110
 38 010111111010111
 39 010111111011000
 40 010111111011001
 41 010111111011010
 42 010111111011011
 43 010111111011100
 44 1110111
 45 01011110
 46 1111100
 47 010111111011101
 48 010111111011110
 49 010111111011111
 50 010111111100000
 51 010111111100001
 52 010111111100010
 53 010111111100011
 54 010111111100100
 55 010111111100101
 56 010111111100110
 57 010111111100111
 58 010111111101000
 59 010111111101001
 60 010111111101010
 61 010111111101011
 62 010111111101100
 63 010111111101101
 64 010111111101110
 65 010111111101111
 66 010111111110000
 67 010111111110001
 68 010111111110010
 69 010111111110011
 70 010111111110100
 71 010111111110101
 72 010111111110110
 73 1111101
 74 010111111110111
 75 010111111111000
 76 010111111111001
 77 010111111111010
 78 010111111111011
 79 010111111111100
 80 010111111111101
 81 010111111111110
 82 010111111111111
 83 01011111000000
 84 01011111000001
 85 01011111000010
 86 01011111000011
 87 01011111000100
 88 01011111000101
 89 01011111000110
 90 01011111000111
 91 01011111001000
 92 01011111001001
 93 01011111001010
 94 01011111001011
 95 01011111001100
 96 01011111001101
 97 000
 98 0101100
 99 1010
100 01010
101 001
102 101110
103 101111
104 111010
105 0100
106 01011111001110
107 01011111001111
108 10110
109 0110
110 1000
111 0111
112 0101101
113 01011111010000
114 1001
115 11100
116 11110
117 1111110
118 01011111010001
119 01011111010010
120 01011111010011
121 1111111
122 01011111010100
123 01011111010101
124 01011111010110
125 01011111010111
126 01011111011000
127 01011111011001
