  0 11101111111111111000
  1 11101111111111111001
  2 11101111111111111010
  3 11101111111111111011
  4 11101111111111111100
  5 11101111111111111101
  6 11101111111111111110
  7 11101111111111111111
  8 1110111111111000000
  9 1110111111111000001
 10 101110
 11 1110111111111000010
 12 1110111111111000011
 13 101111
 14 1110111111111000100
 15 1110111111111000101
 16 1110111111111000110
 17 1110111111111000111
 18 1110111111111001000
 19 1110111111111001001
 20 1110111111111001010
 21 1110111111111001011
 22 1110111111111001100
 23 1110111111111001101
 24 1110111111111001110
 25 1110111111111001111
 26 1110111111111010000
 27 1110111111111010001
 28 1110111111111010010
 29 1110111111111010011
 30 1110111111111010100
 31 1110111111111010101
 32 110
 33 1110111111111010110
 34 1110111111111010111
 35 1110111111111011000
 36 1110111111110
 37 1110111111111011001
 38 1110111111111011010
 39 1110111111111011011
 40 1110111110
 41 1111111010
 42 1110111111111011100
 43 1110111111111011101
 44 111111100
 45 111011110
 46 1110110
 47 11111111110
 48 10011111110
 49 10011111111
 50 111011111110
 51 1110111111111011110
 52 1110111111111011111
 53 1111111110000
 54 111111110010
 55 1111111110001
 56 1111111110010
 57 1111111110011
 58 1110111111111100000
 59 1110111111111100001
 60 1110111111111100010
 61 1110111111111100011
 62 1110111111111100100
 63 1111111110100
 64 1110111111111100101
 65 111111110011
 66 11101111110
 67 1110111111111100110
 68 1110111111111100111
 69 1111111110101
 70 1110111111111101000
 71 1111111110110
 72 11101110
 73 100111110
 74 111111110100
 75 1110111111111101001
 76 1111111110111
 77 1111111111100
 78 1111111111101
 79 1110111111111101010
 80 111111110101
 81 1110111111111101011
 82 11111111000
 83 1111111011
 84 10011110
 85 1110111111111101100
 86 111111110110
 87 111111110111
 88 1111111111110
 89 1110111111111101101
 90 1110111111111101110
 91 1110111111111101111
 92 1110111111111110000
 93 1110111111111110001
 94 1110111111111110010
 95 1110111111111110011
 96 1110111111111110100
 97 1010
 98 001110
 99 101100
100 10010
101 000
102 111010
103 111000
104 0010
105 0100
106 1111111111111
107 1111110
108 00110
109 111110
110 0110
111 0111
112 101101
113 1110111111111110101
114 11110
115 0101
116 1000
117 111001
118 1001110
119 001111
120 1001111110
121 100110
122 1110111111111110110
123 1110111111111110111
124 1110111111111111000
125 1110111111111111001
126 1110111111111111010
127 1110111111111111011
